45 2
-3.691944 40.418889
-9.166667 38.716667
1.52109 42.50779
2.351828 48.856578
7.424815 43.73097
4.3525 50.846667
4.9 52.383333
6.132778 49.610556
-0.1275 51.507222
-6.265833 53.3425
12.482778 41.893056
12.44845 43.932011
7.44743 46.94798
13.383333 52.516667
16.373064 48.20833
12.568889 55.676111
10.752778 59.911111
18.068611 59.329444
24.745 59.437222
21.106944 56.9475
25.283333 54.683333
21.033333 52.216667
27.561837 53.902246
30.523611 50.45
37.617778 55.755833
17.112778 48.144722
19.040833 47.498333
26.083333 44.4
28.8575 47.005556
23.32415 42.69751
23.7166111 37.979444
19.82 41.33
20.466667 44.816667
19.266111 42.439722
18.416667 43.866667
15.95 45.8
14.516667 46.05
14.5125 35.897778
24.93417 60.17556
-21.883333 64.15
21.433333 41.983333
44.833611 41.694167
44.514444 40.181389
49.835183 40.366656
14.416667 50.083333
