50 2
89.383 0
30.886 0.204082
92.777 0.408163
36.915 0.612245
47.793 0.816327
38.335 1.02041
85.386 1.22449
60.492 1.42857
16.649 1.63265
41.421 1.83673
2.362 2.04082
90.027 2.2449
68.69 2.44898
20.059 2.65306
97.763 2.85714
13.926 3.06122
80.54 3.26531
83.426 3.46939
89.172 3.67347
55.736 3.87755
5.211 4.08163
95.368 4.28571
2.567 4.4898
56.429 4.69388
65.782 4.89796
21.53 5.10204
22.862 5.30612
65.123 5.5102
74.067 5.71429
3.135 5.91837
13.929 6.12245
79.802 6.32653
34.022 6.53061
23.058 6.73469
33.069 6.93878
98.167 7.14286
61.393 7.34694
18.456 7.55102
75.011 7.7551
78.042 7.95918
76.229 8.16327
77.373 8.36735
84.421 8.57143
44.919 8.77551
13.784 8.97959
98.537 9.18367
75.198 9.38776
94.324 9.59184
98.315 9.79592
64.37 10
