97 2
89.383 0
30.886 0.10101
92.777 0.20202
36.915 0.30303
47.793 0.40404
38.335 0.505051
85.386 0.606061
60.492 0.707071
16.649 0.808081
41.421 0.909091
2.362 1.0101
90.027 1.11111
68.69 1.21212
20.059 1.31313
97.763 1.41414
13.926 1.51515
80.54 1.61616
83.426 1.71717
89.172 1.81818
55.736 1.91919
5.211 2.0202
95.368 2.12121
2.567 2.22222
56.429 2.32323
65.782 2.42424
21.53 2.52525
22.862 2.62626
65.123 2.72727
74.067 2.82828
3.135 2.92929
13.929 3.0303
79.802 3.13131
34.022 3.23232
23.058 3.33333
33.069 3.43434
98.167 3.53535
61.393 3.63636
18.456 3.73737
75.011 3.83838
78.042 3.93939
76.229 4.0404
77.373 4.14141
84.421 4.24242
44.919 4.34343
13.784 4.44444
98.537 4.54545
75.198 4.64646
94.324 4.74747
64.37 4.94949
66.413 5.05051
3.526 5.15152
76.091 5.25253
68.98 5.35354
59.956 5.45455
41.873 5.55556
6.862 5.65657
99.17 5.75758
97.281 5.9596
2.305 6.06061
20.925 6.16162
77.084 6.26263
36.327 6.36364
60.336 6.46465
26.505 6.56566
50.846 6.66667
21.729 6.76768
61.313 6.86869
25.857 6.9697
16.124 7.07071
53.895 7.17172
19.582 7.27273
0.545 7.37374
98.814 7.47475
33.367 7.57576
15.434 7.67677
90.364 7.77778
44.043 7.87879
13.75 7.9798
71.087 8.08081
26.808 8.18182
17.276 8.28283
47.178 8.38384
95.788 8.48485
93.584 8.58586
5.403 8.68687
2.651 8.78788
92.754 8.88889
12.399 8.9899
99.932 9.09091
95.06 9.19192
49.676 9.29293
93.368 9.39394
47.739 9.49495
10.012 9.59596
36.226 9.69697
98.586 9.79798
97.539 10
