5.51 910.87
25.11 971.01
28.61 473.82
33.05 887.0
38.09 485.18
40.7 862.7
45.83 661.96
47.39 117.62
54.1 586.25
80.63 0.05
87.39 239.1
96.72 433.88
98.41 181.22
98.44 52.81
113.87 560.35
151.47 880.56
169.34 933.47
169.49 618.52
201.5 262.19
208.14 897.88
209.1 999.85
209.92 696.49
223.52 451.12
226.26 17.17
232.4 704.28
233.83 427.18
235.4 417.4
244.92 9.65
253.91 645.9
262.52 446.09
266.77 159.0
271.18 69.04
287.22 602.58
290.9 881.37
304.98 205.02
315.5 842.86
325.95 623.03
333.52 762.35
339.37 791.31
344.43 292.64
388.73 46.46
393.05 511.5
399.95 307.42
406.86 153.07
410.79 994.88
425.17 148.91
432.74 548.9
433.78 416.67
484.6 372.03
487.76 918.76
488.98 658.43
516.41 732.51
520.64 159.53
522.66 244.25
524.94 912.85
525.91 799.89
531.91 501.12
535.51 200.09
550.85 524.78
558.22 620.52
580.21 475.77
604.04 989.59
605.56 411.4
606.43 641.66
608.02 34.87
635.12 195.7
636.36 310.93
636.92 107.52
662.23 138.37
668.65 400.29
674.07 800.39
683.29 384.13
686.97 286.55
694.09 437.71
696.57 511.98
697.43 639.76
702.95 959.1
729.55 954.45
732.42 730.02
738.69 700.16
741.04 326.19
768.12 837.54
776.5 332.3
801.67 504.56
810.02 355.42
827.4 264.86
841.52 880.51
846.47 170.46
873.52 447.46
898.35 268.17
899.43 956.85
902.27 547.1
919.62 183.45
933.17 957.48
941.2 798.05
955.11 735.07
958.23 51.93
960.13 859.74
961.86 407.4
977.82 981.64
